WinFormSampleManager/SampleData/gridfile-900913.grd
ncols 100
nrows 100
xllcorner -10697926.08712
yllcorner 3495335.11255399
cellsize 9.80371549835429
NODATA_Value -9999
[rows 20 to 39 of 100, columns 0 to 45 of 100]
6.43519184021985 6.43691015132101 6.45053492529405 6.47795869954836 6.51737943597731 6.5636934913378 6.61056959712249 6.65256293207085 6.68637797041661 6.71126737710882 6.72867483029219 6.74118212783084 6.75123300641428 6.76040365712647 6.76942526606738 6.7784997449035 6.78752057457263 6.79617617920759 6.80404541379537 6.81074066055515 6.81608745243536 6.82029282510954 6.82402519939205 6.82831915988547 6.83429932126949 6.8428751801558 6.85457490474606 6.86950781113368 6.88737956575316 6.90757002346123 6.92928799256736 6.95175190495235 6.97432939410445 6.99660201306423 7.01835461768546 7.03950291299677 7.05997409349051 7.07955759994718 7.09776124639686 7.11376004475613 7.12659514888018 7.13572584392857 7.14164938037834 7.14588071736098 7.15004778695803 7.15495384225887
6.45883130388505 6.46787467633236 6.48629393231158 6.51494841970448 6.55277455993539 6.59645106611756 6.64103354568284 6.68120629971018 6.7127509688618 6.7339581990578 6.74631598363392 6.75352621286882 6.75925955836808 6.76560067436832 6.77307998957972 6.7814094615221 6.79003232682286 6.79835477251795 6.80584087581642 6.81209919052188 6.81698520432539 6.82068799889741 6.82375980767821 6.82707607729668 6.83174781324299 6.83897417950487 6.8497684513034 6.86461200849178 6.88327712149703 6.90495992509686 6.92860190344645 6.95319553773045 6.97796638072202 7.002428195799 7.02634897759873 7.04966142445614 7.07233127304002 7.09417816871332 7.11464609932981 7.13259396380542 7.14638304638613 7.15469801799729 7.15791721520649 7.15848997942818 7.15938193703725 7.16236470820991
6.46150635022661 6.47657994032347 6.50095490248615 6.53431718757061 6.57534708786588 6.62129612178551 6.66786059259965 6.70960740006871 6.74120879676541 6.75972138461099 6.76677618898698 6.76785958916073 6.76851576911473 6.771543286727 6.77720638116954 6.78463313879888 6.79275522945163 6.8006398505967 6.80755270622994 6.81297366752182 6.81663213233911 6.81856593814449 6.81921115416233 6.81954084125016 6.82118009793056 6.82621131956005 6.8364394934315 6.85253343338879 6.87381512678199 6.89878667696051 6.92582121759468 6.95359286815051 6.98121371384743 7.00820292567194 7.03439138083831 7.05980738327121 7.08454338237895 7.10856671593142 7.13141091100081 7.15173885035518 7.1671210483347 7.17503552727057 7.17547576118399 7.17220456893458 7.17000185507296 7.17161643165455
6.44209256709604 6.46274011990519 6.49505233028546 6.53675345586726 6.58512088251166 6.63703043397811 6.68837382392506 6.73363986286972 6.76660970792382 6.78323747061791 6.78546210156575 6.78083988887092 6.77690732185552 6.77707592473646 6.78124611679076 6.787953898202 6.79564922084902 6.80307047840263 6.80924781282946 6.8134408769065 6.81511483746727 6.81400299572744 6.81033645089308 6.80531750189473 6.80162255636469 6.80310436780056 6.81302786156091 6.83209237396553 6.8583604855443 6.88885668366165 6.92099547510994 6.95307337370121 6.98417654278759 7.01393963555822 7.04233937819315 7.06954804582423 7.0958119175507 7.12128383150553 7.14568977016903 7.16770937825189 7.18436030607997 7.191951059464 7.19000885039512 7.18366824959796 7.17941593858082 7.18065604766363
6.40373393766295 6.4296734594801 6.47188986711488 6.52498444221272 6.58354428592615 6.64323232972239 6.6998626438327 6.74817491439487 6.78197862967234 6.79721254057549 6.79648804756082 6.78871597242839 6.78245151877076 6.78129259675378 6.78484927515208 6.79128906590046 6.79876141419736 6.80577111638388 6.81112994951346 6.81382986679086 6.81296607903157 6.80780727652586 6.79820024129076 6.785536530493 6.77399008284034 6.7702881750103 6.78017258458961 6.80420285607515 6.83805742283962 6.87632105692708 6.91510660736817 6.95238572699188 6.98737888556194 7.01996586335568 7.05033264771127 7.07879307437971 7.10568775319137 7.13125994206993 7.15536792505445 7.17686791093893 7.19288574519393 7.1996685942462 7.19685049476492 7.19007873542363 7.18616268946226 7.1885237860287
6.35648222652354 6.38681254352612 6.43931195416551 6.50466288732376 6.57382194420351 6.64066319848694 6.70081674371668 6.74979322514492 6.78275916687907 6.79720212473344 6.79662754385791 6.78971838476386 6.78440259123289 6.78397421946381 6.78802164193629 6.79473536910063 6.80223964439033 6.80895533973534 6.81354101660658 6.81473447016723 6.81123601782211 6.80177632253664 6.78567516712522 6.76435140648914 6.7435787733211 6.73368327397954 6.74375918517162 6.77411918791318 6.81713094620841 6.86428357129074 6.91029394910711 6.95295875338776 6.99178133073755 7.02696362833015 7.05890757167678 7.08801456836997 7.11460885128386 7.13886682192733 7.16063707350938 7.17904728422396 7.19211754014507 7.19760150302671 7.19601299309926 7.19203028219318 7.19090938206835 7.19554612875905
6.31763123367362 6.35051782855 6.4104562126219 6.48487224743081 6.56142769888441 6.63226996550373 6.69294397888886 6.74017298396394 6.77131446463764 6.78606219482656 6.78843976317926 6.78561649219524 6.78381103431886 6.78572207759905 6.7911278747747 6.79854790522712 6.80631150653762 6.81290019937471 6.81691524242091 6.81692702468665 6.81134914676981 6.79851339049279 6.77733710492813 6.74922428992516 6.72112917866682 6.7062521078544 6.71657005114209 6.75230087061777 6.80301284416414 6.85757587064274 6.90956861969598 6.95667350399332 6.99863435686788 7.0358978673644 7.06899619295624 7.09832759903546 7.12410324307261 7.14634336686917 7.16485769371188 7.17919150926635 7.18869007913423 7.1931174222701 7.19379973897566 7.19371949801238 7.19596184663929 7.2027255251116
6.30412483735637 6.33727914844402 6.39882161222491 6.47524932387458 6.55289359892087 6.62301402396742 6.68124253333333 6.72547687290841 6.75500943548065 6.77112731251707 6.77770385506573 6.78008030079253 6.7826811546631 6.78756198987136 6.794708072366 6.80305283517091 6.81123511239855 6.81789665039054 6.82168759989605 6.82115704345381 6.81466328367541 6.80049594991393 6.77761457863325 6.74762547740734 6.71785721154373 6.70198739240642 6.71249589943033 6.74985583953767 6.80328047936167 6.86091641290787 6.9157762965613 6.96529360449247 7.00915935524233 7.04781837834151 7.08176483815375 7.11128753607252 7.13642542906561 7.15703321306701 7.17293017653696 7.18412586598483 7.19108539155138 7.19489608260514 7.19712914464137 7.19946327729069 7.20349786540641 7.21088951868103
6.3212560766897 6.35266178905614 6.40977320855276 6.48066666771815 6.55278690033758 6.61770493279576 6.67128758333749 6.71213213421342 6.74055464379421 6.75842125778786 6.76899857721379 6.77608471730387 6.78271550877158 6.79039980223495 6.79924845115598 6.80854573858217 6.81724197882394 6.82419060357782 6.82818620749093 6.8279149309177 6.82193665492445 6.808882836918 6.78820713023578 6.76189513341259 6.73676005699558 6.72445207243326 6.73535683548123 6.7703147905025 6.82073812489043 6.87630542553586 6.93028495495552 6.97979642016731 7.02417290484715 7.06359145880366 7.09833870938919 7.12850301372065 7.1539065654667 7.17420580561109 7.18915059475099 7.19895553045701 7.20457837419796 7.20757033972215 7.20948431561363 7.21149396523177 7.21467557905839 7.22045588256872
6.36116661443827 6.38949268608371 6.43862445637022 6.49942783152786 6.56190929758376 6.61887657382325 6.66659775009698 6.70391529824116 6.73136190567702 6.75066764073237 6.76434052753209 6.77502843276869 6.7848046457282 6.79476103777907 6.80505685079914 6.81522800027997 6.82449358574852 6.83193530317696 6.83655825074368 6.83730097579797 6.83309226018029 6.82310344133668 6.80741546454063 6.78824895492367 6.77125441735166 6.76498868721511 6.77677688869799 6.80760998240061 6.85190190992548 6.90206465503036 6.95241924897884 7.00002683989926 7.04383326731774 7.08365541076352 7.11950814881199 7.15124886180102 7.17844383213618 7.20042800896765 7.21657880137338 7.22676294776886 7.23170742678481 7.2329084236125 7.23206477178749 7.23064780272583 7.23001689241204 7.23171280048685
6.41166687111185 6.43635642599604 6.47677898637663 6.5265164174856 6.57832223777181 6.62659287094506 6.66815227017311 6.70189692785998 6.72817778722321 6.74828784040664 6.76401527393442 6.77717498038335 6.78918331180208 6.80082399487658 6.81225865202336 6.82319239847176 6.83306233792169 6.84117140948261 6.8467617051505 6.84906813272096 6.84742293390694 6.84150977441609 6.83187187217761 6.82065489306277 6.81214228038757 6.81207729170901 6.82516859216139 6.85232500454936 6.89036273721372 6.93434663607571 6.98004299723157 7.02486043836279 7.06760317923214 7.10786204843186 7.14547621429028 7.18015016970494 7.21120444852781 7.23747703084459 7.25747742871464 7.26991014891737 7.27445683494086 7.27228129378579 7.26572537412863 7.25746244270523 7.24988641962418 7.24498865257215
6.46360796124441 6.48472788178683 6.5173810386666 6.55724821017612 6.59934001205686 6.63954271428895 6.67530060239102 6.70556111434131 6.73041189528173 6.75067957111178 6.76755589986032 6.78225434326049 6.79573438476505 6.80855123164529 6.82084701879676 6.83243871426306 6.84293506069448 6.8518369127091 6.85861321228138 6.86277600018543 6.86399820425474 6.86232637592913 6.85851671841172 6.85441604186154 6.85308998287894 6.85823863953484 6.87278743560088 6.89747268113939 6.93062520343046 6.96928989315751 7.01062306759234 7.05265932623257 7.09437736591265 7.13540726765987 7.17564638094277 7.21486541795172 7.25228741850871 7.2861554185276 7.31351027013738 7.33072151996404 7.33520910779469 7.32749644893001 7.31147063258864 7.2923359485358 7.27441900168482 7.26045201052574
6.51232450890357 6.53030120458356 6.55668222246709 6.58860537951926 6.62271428048722 6.65608988669407 6.68676122280935 6.71377640806667 6.73701962153041 6.7569409007129 6.77428023230209 6.78982046738004 6.80419811193488 6.81779780094288 6.83073432861938 6.84289838217824 6.8540303490904 6.86379583594786 6.87185622082928 6.87794587710748 6.8819784337109 6.88420214411157 6.88539699374494 6.88703828104239 6.89125845433388 6.90042406513316 6.91636074686781 6.93964095760861 6.96945475587036 7.00414589343345 7.04198194707476 7.08169764697784 7.12267226581902 7.16484068707476 7.20845343442617 7.25369632923384 7.30006640580303 7.34538950335056 7.38472949480481 7.4104953327322 7.41575538499208 7.39974076301529 7.36943705222954 7.33470310129896 7.30291452416986 7.2776527008414
6.55621200459217 6.57160048775054 6.59316999187335 6.61902326359323 6.64691508436025 6.67480671366171 6.70121919085561 6.72533598838782 6.7469256384863 6.76617678105372 6.78351041517622 6.79940735609009 6.81427570285663 6.82837347024881 6.84178772016536 6.85445739287943 6.86622062705606 6.87687119725469 6.88621854455271 6.89415546637282 6.90074181906907 6.90630705586669 6.91155410215284 6.91761165557584 6.92595077142181 6.93810366987209 6.95523959311655 6.97780558775758 7.00546171088483 7.03735490562677 7.07255455840887 7.11042643816879 7.1508365783117 7.19419173450005 7.24133834134957 7.29325040567379 7.35025503467957 7.41036409765824 7.46664378884666 7.50579097443398 7.51337701781646 7.48606357119914 7.43625765021803 7.38139403652309 7.33294311610471 7.29504246757193
6.59518295063385 6.60852787778749 6.62649969559768 6.64783006752674 6.67101028991154 6.69462198757064 6.71757182461976 6.7391863005293 6.75918866754936 6.77760542339925 6.79464577008909 6.8105850163041 6.8256722259047 6.84007322563727 6.8538506465214 6.86697447426139 6.87935262102341 6.89087230362234 6.90144755920407 6.9110726462273 6.91988209455468 6.92821319601431 6.93665468436593 6.94604980379801 6.9574157490677 6.97176462152499 6.98987045542585 7.01208808955749 7.03832942585974 7.06822098450498 7.10136926883337 7.13762877849152 7.17730721826124 7.22129263549557 7.27108562616359 7.32861793380233 7.39546787495297 7.47061983809378 7.54591992815303 7.60171388354767 7.6133054824939 7.5732056153729 7.50132238931275 7.42491754942694 7.35974217036846 7.30982469492326
6.6297330277579 6.64150735684806 6.65682187628769 6.6748182370037 6.69447252040172 6.71479451722966 6.73498080770325 6.7544901963992 6.77304517626783 6.79058240864096 6.8071787529878 6.82297492797062 6.83811231346433 6.85269165481852 6.86675596226584 6.8802946605755 6.89326326309309 6.90561285287003 6.91732542679533 6.92845285045659 6.939156936847 6.9497448431812 6.9606879642634 6.97260707089578 6.98620844440924 7.00217231780411 7.02102441422686 7.04304606408094 7.06827417597957 7.09660482946209 7.1279702606482 7.16254141003785 7.20092246468189 7.24432466215502 7.29469377298555 7.35465782669887 7.426835167876 7.51134712661135 7.59989674449394 7.66851579044231 7.68387913055744 7.63435309252581 7.54602053801439 7.45401930552417 7.37699661082966 7.31855536386561
6.66049763591619 6.67108682973936 6.68444938431744 6.69999650174956 6.71702457387471 6.73483703331176 6.75284367967518 6.7706167818284 6.78790177218901 6.80459309102231 6.82069054965668 6.83625080806232 6.85134511923751 6.86603014692128 6.88033435661718 6.89425897424205 6.90779041681464 6.92092053839235 6.93367145066714 6.94612209994987 6.95843327919309 6.97086593565175 6.98378517127152 6.99764135617811 7.01292348093535 7.03009032877763 7.04949962115393 7.07136532020507 7.09576943788396 7.12273667270304 7.15235966426592 7.18495356462776 7.22122389020157 7.26243850761054 7.31057444210371 7.36830330938812 7.43835474537431 7.52108606515074 7.6085351455715 7.67688730408364 7.69236873268161 7.6425200621168 7.5530121577402 7.45909337562602 7.3796716158583 7.31856501255256
6.68807546648224 6.6977828446891 6.70971512640979 6.72346302417243 6.73853669345734 6.75444150080998 6.77074266952295 6.78710567121023 6.80330901721563 6.81923399677636 6.83483995989397 6.85013435260271 6.86514515708507 6.87990081753895 6.89441996419125 6.90871087729958 6.92277904274489 6.93664040932776 6.95033778759128 6.96395775020376 6.97764498353635 6.99161023824165 7.00612737433174 7.02151566693109 7.03810685756065 7.0562027093271 7.07603604942473 7.0977522706196 7.12142533528126 7.1471130022171 7.17494569796343 7.20523833140648 7.23861534278521 7.2761381286676 7.31939881777046 7.37044642710472 7.43114502487622 7.50105829070525 7.57281083147303 7.62708561822313 7.6382049737192 7.59676629174737 7.52144008942677 7.43948507470385 7.36725436056785 7.3093996480791
6.71297431361375 6.72203382659785 6.73291996046906 6.74534480804626 6.75896314860565 6.77342041218421 6.78839510641804 6.80362749772568 6.8189315611749 6.83419195956649 6.84935074475124 6.86438941515939 6.8793113978411 6.8941285941739 6.9088539031748 6.9235000452477 6.93808381923651 6.95263420779123 6.96720238320264 6.98187144415223 6.99676346994225 7.01204126002239 7.02790227986045 7.04456343347672 7.06223779068085 7.08110809823213 7.10130548391209 7.12290313731903 7.14593239332398 7.17042307449608 7.19646384697089 7.22427460285708 7.25428156640741 7.28718113864761 7.32395481657294 7.36572294963027 7.41315472950001 7.46492054760364 7.51490338309351 7.55010235561608 7.55505537112497 7.52427860390196 7.46837196900327 7.40431962607041 7.34420952144095 7.29308237921444
6.73560620941952 6.74419616809054 6.75431903150288 6.76577034568403 6.7783043152167 6.79166473562867 6.8056131724126 6.81994927167879 6.83452091301855 6.84922473305434 6.86399952763043 6.87881590593227 6.89366546217157 6.90855197637094 6.92348610623043 6.93848397754272 6.95356921250787 6.96877732844272 6.9841610647187 6.99979497736298 7.01577753494468 7.03222902332439 7.04928401901793 7.06707827318637 7.08573166101041 7.10533107737741 7.12591894053239 7.14749315729452 7.17002224744397 7.19347513967475 7.21786040667666 7.24326615144133 7.2698897949677 7.29804363901028 7.32810836792116 7.36036657611837 7.39457125709355 7.42905292499196 7.45944955609915 7.47825522550785 7.47751814547039 7.45445463252575 7.41414630298464 7.36575047189468 7.31716481867877 7.27298026403303
