WinFormSampleManager/SampleData/gridfile-900913.grd
ncols 100
nrows 100
xllcorner -10697926.08712
yllcorner 3495335.11255399
cellsize 9.80371549835429
NODATA_Value -9999
[rows 40 to 59 of 100, columns 0 to 45 of 100]
6.75629939033505 6.76455461138656 6.77412291568388 6.78485824800854 6.79658437478316 6.8091152187591 6.82227385041333 6.83590693669415 6.849893000159 6.86414450876959 6.87860510458549 6.89324395517915 6.90804928363576 6.92302275340825 6.93817575566007 6.95352795525802 6.96910783240179 6.98495448051757 7.00111960097699 7.01766846187283 7.03467856920715 7.05223499645891 7.07042184470049 7.08931026382093 7.10894483084326 7.12933156355163 7.15043184254695 7.17216624593639 7.19443016858061 7.21711910984923 7.2401565452903 7.26351297962441 7.28720283937621 7.31124677239682 7.33558791136781 7.35994487123674 7.38356819379939 7.40487191884297 7.42105336061173 7.42819926228953 7.42259068980906 7.40291049161083 7.37140336825144 7.33272084274869 7.29175959757893 7.25229874375028
6.77531388261544 6.78333556607458 6.79250353753945 6.80271336490305 6.81383839339922 6.82574338359923 6.83829752904336 6.85138483663268 6.86491071913934 6.87880463710091 6.89301944849465 6.90752861156739 6.92232250668863 6.93740496040852 6.95279068030938 6.9685038574695 6.98457775719615 7.00105475795337 7.01798604244802 7.03543001232537 7.05344851671467 7.07210021083538 7.0914308695589 7.11146133033893 7.13217489819516 7.15350730012096 7.17534317227361 7.19752291483909 7.21986177817262 7.24217870739256 7.26432601525906 7.28620410612503 7.30774183154159 7.32882725886561 7.3491886327128 7.36824841733781 7.38499424568619 7.3979184412296 7.40508173835066 7.40438775555787 7.39416386649248 7.3739323963219 7.34488193152273 7.30961300327039 7.27135307623168 7.23320205329298
6.79285593356386 6.80071936363964 6.80960089483414 6.81942632275006 6.83010500868564 6.84153922293794 6.85363324101758 6.86630090824452 6.87947087865 6.89308932184446 6.90712040900143 6.9215452242482 6.93635986237171 6.95157338923775 6.96720611617898 6.98328834207536 6.99985940838201 7.01696663923063 7.03466353144689 7.05300644468857 7.07204905324376 7.09183401169494 7.11238172740397 7.13367689649973 7.15565458129203 7.17818900924229 7.20108966094392 7.22410992422817 7.24697246579147 7.26941097809825 7.29121896422 7.31228375971531 7.33257339200877 7.35204506873826 7.37046748624785 7.38719765832324 7.40101367089347 7.41014193103935 7.41257343180933 7.40660546224799 7.391369961197 7.36711305300868 7.33516901323535 7.29770128085841 7.2573224704486 7.21674252541173
6.80908996758041 6.81685038907913 6.82552919499329 6.83507454680286 6.84542247127651 6.85650341118701 6.86824872199545 6.88059628707699 6.89349470544448 6.90690585742495 6.92080597784496 6.93518559026199 6.95004874714093 6.96541198260759 6.98130324565731 6.99776088129474 7.01483250360381 7.03257339043483 7.0510438480324 7.07030486891815 7.09041136701443 7.11140236990798 7.13328785726709 7.1560325733755 7.17953826341825 7.20362753575886 7.22803494690035 7.25241349372466 7.27636601243879 7.29950801502456 7.32155713030518 7.34242230654827 7.36223858718319 7.38127752952503 7.39968231222856 7.41704542338426 7.43196636903296 7.44188036964975 7.44353276663835 7.43419808027712 7.41298631304761 7.38118177026822 7.34144097716609 7.29674944249337 7.24987044443407 7.2033095757889
6.82414804033864 6.83184510244399 6.84038203829677 6.84972385761274 6.8598266926267 6.87064250989745 6.88212386769796 6.89422818013877 6.90692111261263 6.92017894473208 6.93398993953623 6.94835490481038 6.96328719926708 6.97881241884134 6.99496790965568 7.01180211477058 7.02937359359613 7.04774937474637 7.06700212797943 7.08720548089965 7.10842667695174 7.13071570815558 7.15409013331722 7.17851516300853 7.20387954196307 7.22996975046884 7.25644866685056 7.28285041075697 7.30860959241551 7.33314628070534 7.35601838086071 7.37711934313122 7.3968397911361 7.41605183760611 7.43576281109087 7.45635812500319 7.47653492055176 7.49240834864553 7.49786205960527 7.48713681466812 7.45842531080299 7.41493377272277 7.36234533819308 7.30577864695952 7.24867857653636 7.19329123045557
6.83813717021767 6.84579828527395 6.85423666418064 6.86343021681082 6.87335048689541 6.88396613907313 6.89524654283191 6.90716509938687 6.91970205378138 6.93284666308692 6.94659871879001 6.96096951757563 6.97598242211012 6.991673145686 7.00808983647992 7.02529293780553 7.04335467014943 7.06235782616347 7.08239339115158 7.1035562944806 7.12593835330259 7.14961719079062 7.17463963293517 7.20099794429013 7.2285976056918 7.25721693415786 7.28646311094377 7.31573812423522 7.34424311050728 7.37106732277998 7.39541327816875 7.41697142318114 7.43634719104334 7.45528567701517 7.47634015142656 7.50168362080533 7.53097263476824 7.55879652580261 7.57398701600549 7.56445293771762 7.52610693629514 7.46591266309028 7.39527812360305 7.32290306953954 7.25311848182149 7.18757975163001
6.85114498962312 6.8587878878013 6.86715739371242 6.8762414289501 6.88602351315604 6.89648542675982 6.90760999720961 6.9193837753591 6.93179942649802 6.94485774002004 6.95856924289858 6.97295546601039 6.98804994674824 7.00389904994316 7.02056265249197 7.03811466771177 7.05664328536403 7.07625067047047 7.09705168634143 7.11917096145429 7.14273726569185 7.16787364673704 7.19468105155956 7.22321223280169 7.25343184913162 7.28515863171043 7.31798841933508 7.35120715247995 7.38372740160887 7.41412550078011 7.44090518284427 7.4631070406248 7.48121451259304 7.49794431800374 7.51817954125939 7.54732777524069 7.58766031476828 7.63284388012972 7.66431211450719 7.65895462215335 7.60855325937046 7.52686090857129 7.4343957141757 7.3444427619549 7.2618704203663 7.18727769208233
6.86324410626707 6.8708788022223 6.87919841689504 6.88819871597863 6.89787261460191 6.90821227927763 6.91921136742047 6.93086725140828 6.94318311013456 6.9561698217752 6.96984764523056 6.98424772232793 6.99941346035657 7.01540185955483 7.03228483184953 7.05015051465022 7.06910451449515 7.08927091217653 7.11079270297865 7.13383109412629 7.15856266504912 7.18517269923183 7.21384184398762 7.24472142598831 7.27789008998523 7.31328123954759 7.35056892328354 7.38900533940195 7.42723037626516 7.46314690978097 7.49408959265443 7.51763771248665 7.53326771729304 7.54429586337628 7.55857388057444 7.58633732682311 7.63448834568477 7.6972248541459 7.74760589478244 7.74800381359952 7.6849630327768 7.58158243626172 7.46891779549607 7.36424035863622 7.27221979617006 7.19225327378842
6.87449548497764 6.88212581797035 6.89040605501897 6.89933813240834 6.90892236597376 6.91915916638573 6.93005089956983 6.94160379380702 6.95382981880468 6.96674849629399 6.98038863965596 6.99479005415098 7.01000525465161 7.02610127056089 7.04316160703681 7.06128841622777 7.08060489861968 7.10125789395994 7.12342051060406 7.14729443634883 7.17311118294465 7.20113077619114 7.23163501800711 7.26490991654691 7.30120744482961 7.34066956053444 7.38318733271482 7.42815929713277 7.47412389126754 7.51832140207706 7.55648168156164 7.58355869411783 7.5963073030509 7.59737226452909 7.59778666278868 7.61396419403624 7.65865275034362 7.7276548359407 7.78811720511149 7.79182737636987 7.72186570293525 7.60749267931425 7.48556764382187 7.3749854717644 7.28010870689354 7.19984910623571
6.88495108592641 6.89257595163148 6.90082060203152 6.90969181246337 6.91919570962636 6.92933921486948 6.94013163630906 6.95158634901145 6.96372251952897 6.97656685607047 6.99015539481143 7.00453536178381 7.01976717597753 7.03592668060801 7.0531077062835 7.07142508163477 7.09101821224553 7.11205534164704 7.13473857048367 7.15930960232242 7.18605592016931 7.2153165005206 7.24748488425855 7.28300474155937 7.32234765005383 7.36595227076 7.41408491475398 7.46655104866328 7.52215519424779 7.57783306122743 7.62765810846955 7.66279072261269 7.67466601849329 7.66262662485269 7.64052661592842 7.63231616661232 7.65669604880568 7.71082712459547 7.76175546086478 7.76294590774433 7.69765241645074 7.59121149812878 7.47672216250067 7.37197269568982 7.28177342239023 7.20580646151774
6.89465593443383 6.90227029352333 6.91047782448547 6.91928905030495 6.92871460288359 6.93876646879078 6.94945938453328 6.96081234675973 6.9728502162538 6.98560541439169 6.99911973523013 7.01344632308046 7.02865189368383 7.04481930637036 7.06205062670337 7.08047085565261 7.10023254394368 7.12152155874504 7.14456431566751 7.16963680834546 7.19707569712326 7.22729141140002 7.26078234224521 7.29814700778208 7.34008592940887 7.38737336751383 7.44075399033641 7.50066875988779 7.56662543314325 7.63593157411282 7.70164184107711 7.75073997878948 7.76668957694788 7.74169770762818 7.69142655295302 7.64924057099365 7.64011277828169 7.6623439964935 7.68797398645018 7.68116850792053 7.62748004221981 7.54160754177111 7.44634300169426 7.35597470501538 7.27578622645447 7.20681081970332
6.90364975114428 6.9112454747801 6.91941017979009 6.92815721809176 6.93750062559202 6.94745621740252 6.9580428302756 6.96928369563643 6.98120793796625 6.99385221004587 7.00726249822811 7.02149615634459 7.03662425669931 7.05273438150344 7.06993402120655 7.08835480090106 7.10815782705106 7.12954053961055 7.15274557042511 7.1780722411493 7.20589144879136 7.2366646866771 7.27096757146285 7.30951683576832 7.3531956884265 7.40306184801257 7.46029630176598 7.52598895221433 7.60052337372703 7.6820887838773 7.76369636819454 7.82915871703031 7.85353168556573 7.81944922854136 7.74283775518821 7.66680509398443 7.62249571215991 7.60982828728292 7.60718153621621 7.58959738072143 7.54539938828386 7.48004969125933 7.40582743578306 7.33210667437105 7.26354378585505 7.20203631379699
6.91196823717297 6.91953483096974 6.92764779751016 6.93632252786794 6.94557551384935 6.955425320951 6.96589370299877 6.97700685365354 6.98879679991588 7.00130295729555 7.01457388568153 7.0286693088034 7.04366248985571 7.05964309264241 7.07672070525052 7.09502926604024 7.11473271581317 7.136032313487 7.15917620186788 7.18447199813107 7.21230339359216 7.24315191188027 7.27762488363859 7.31648977234178 7.36071171192438 7.41148159008941 7.47019645407025 7.5382891196391 7.61665081335057 7.70408507697309 7.79389456454239 7.86860110560839 7.89877195077738 7.86106814274156 7.77028205327094 7.67339936497475 7.60425136204694 7.56505056002929 7.54025333554095 7.51287825997489 7.47382335469835 7.42325476018678 7.36593145129312 7.3065247421976 7.24816553781477 7.19284269871512
6.91964408419466 6.92716931852628 6.93521925779289 6.94381064395421 6.95296159787508 6.96269248579384 6.97302691851114 6.9839928855427 6.99562403508505 7.00796112307099 7.02105367142238 7.03496189680787 7.04975899830195 7.06553392658218 7.08239480215463 7.10047320921254 7.11992967027348 7.1409607112549 7.16380806120816 7.1887706948224 7.21622059629344 7.24662322299951 7.28056345045062 7.31877668454568 7.36218128684118 7.41189857905357 7.46922094051088 7.53542486094929 7.61118062041833 7.6950361037039 7.78020621438592 7.8499086188094 7.87696404671505 7.84043072020747 7.75293013922078 7.65505021355771 7.57736632293458 7.52472326190539 7.48757592484347 7.45478449236163 7.41934991118036 7.37882096459507 7.33339145878221 7.28429183705986 7.2331460291047 7.18167582863575
6.92670776194825 6.93417822654161 6.94215219379718 6.9506471534402 6.95968213123106 6.96927845676649 6.97946065169821 6.99025744397316 7.00170292079862 7.01383784312953 7.02671115819096 7.04038176381967 7.05492060049292 7.07041317448681 7.08696265099028 7.10469370092117 7.1237573416139 7.14433708076524 7.16665675042936 7.19099048820743 7.21767533911254 7.24712679680048 7.2798569888714 7.31649345461516 7.35779196945949 7.40462598235715 7.45790992142421 7.51835795060098 7.58587031699016 7.65818151814147 7.7284205140671 7.78236456743693 7.79987693873314 7.76743760741065 7.6948332621851 7.61063746946325 7.53828084557958 7.48439805788962 7.44474822452977 7.41252534355347 7.38207550115846 7.34935580047275 7.31188332183145 7.26896913128912 7.22149519876981 7.17108248717621
6.93318812336944 6.9405897171084 6.94847374044976 6.95685790380565 6.96576150634564 6.9752061084136 6.98521630912345 6.99582063529313 7.00705255324748 7.01895162249125 7.03156482031339 7.0449480786985 7.05916809021062 7.07430445750367 7.09045228249809 7.10772531513699 7.12625980571912 7.14621922356622 7.16780000275438 7.1912384203758 7.21681853103368 7.24488061865336 7.275828553294 7.3101320654867 7.34831485359823 7.39090881748506 7.43833354870271 7.49062167224854 7.54685446164555 7.6041436397004 7.65619754120221 7.69242082211867 7.70022224765543 7.6728201191649 7.61729475588029 7.55154452194995 7.49177236200247 7.44499553748723 7.41071236242876 7.38490624310301 7.36205543709972 7.33630242759845 7.30350443657892 7.26266573077342 7.21516665986418 7.16299682708182
6.93911285908038 6.94643122119676 6.95421084924288 6.96246921858474 6.97122535809045 6.98050042843145 6.99031838809898 7.00070675185667 7.01169744984642 7.02332780024875 7.03564161453204 7.04869046120595 7.06253512170026 7.07724727922985 7.09291148732449 7.10962746566426 7.12751276083405 7.14670577728346 7.16736910541692 7.18969290575525 7.21389776484962 7.24023575969173 7.26898714947523 7.30044760298177 7.33489620821499 7.37252622675757 7.41330707771632 7.45672827989243 7.50136671775863 7.54426575929631 7.58033376274481 7.6024805812074 7.60369257614996 7.58128509532121 7.54030479032562 7.4917396434463 7.44655953873702 7.41136348867114 7.38780863584779 7.37311919503881 7.36024293157231 7.34042063886038 7.30858101229578 7.26542880896307 7.21436995908545 7.15817067260926
6.94450882710238 6.951729712961 6.9593904874254 6.96750800404261 6.97610056304929 6.98518839661264 6.99479422302631 7.00494387189987 7.01566698399614 7.02699779132895 7.03897598544928 7.0516476834723 7.06506650183991 7.07929474494968 7.09440470740788 7.110480069602 7.12761732806624 7.14592713055059 7.16553525436192 7.18658273131912 7.20922420559856 7.23362288241409 7.25993917391893 7.28830805707186 7.31879683419085 7.35133020347465 7.38556413687385 7.42068841970198 7.45515318212502 7.48637652365705 7.51063543785655 7.52354313493234 7.52151263140869 7.50392284978727 7.47450005424624 7.44037635839742 7.40936026248369 7.38749901943855 7.37752003960169 7.37665441719465 7.37466326788187 7.35855681647023 7.32332702442011 7.27382733810802 7.2168416761583 7.15583183522479
6.94940227957219 6.95651188266072 6.96403973927427 6.97200176174014 6.9804151469612 6.98929877061966 6.99867363130699 7.00856334335949 7.01899467707156 7.02999814448554 7.04160862793788 7.05386604568063 7.06681604332572 7.0805106889862 7.09500913098841 7.11037814410867 7.12669243458475 7.14403448199074 7.16249354407019 7.18216320379118 7.20313644124493 7.22549658990824 7.24930158979165 7.2745575963863 7.30117629444786 7.3289087019801 7.35724852277397 7.38530443902517 7.41166135993442 7.43429619041495 7.450683381608 7.45827123606024 7.45540625455855 7.44242650497081 7.42225246736903 7.39994522879782 7.3814692138049 7.37226926958812 7.37531975108916 7.38718376011124 7.39408745203669 7.37874299929831 7.33728981895444 7.2802507060565 7.21801755576788 7.15403251638777
6.95381900533969 6.96080422650153 6.96818582675135 6.97597852334921 6.98419811643729 6.99286179584845 7.00198847954633 7.01159917919583 7.02171738682804 7.03236947414374 7.04358509240713 7.05539755471104 7.06784417264728 7.08096650342912 7.09481043850953 7.10942602537128 7.12486685287704 7.14118873678416 7.15844729924382 7.17669382341466 7.19596845473989 7.21628939021514 7.23763614363751 7.2599243719869 7.28296936413913 7.30643581910086 7.32977445290597 7.35215385811646 7.37241212654755 7.38907775471078 7.40053327006982 7.40538674911657 7.40303165027828 7.39421462830321 7.38131589179388 7.36815004492813 7.35935413327313 7.35940674956743 7.37061376050195 7.38875679939032 7.39871974960609 7.38195254222394 7.33615379164773 7.27582018798798 7.21330888376049 7.15108384117062
