WinFormSampleManager/SampleData/gridfile-900913.grd
ncols 100
nrows 100
xllcorner -10697926.08712
yllcorner 3495335.11255399
cellsize 9.80371549835429
NODATA_Value -9999
[rows 0 to 19 of 100, columns 0 to 45 of 100]
6.31868015383598 6.33301610902133 6.36301990695512 6.40357312692914 6.44761709341383 6.48895116741307 6.52384540989635 6.55120543723705 6.57200174250889 6.5885351852128 6.60367386058826 6.62005589333129 6.63940937005689 6.66225966926483 6.6881212748702 6.71596331545863 6.74463048956954 6.77304153365826 6.80017238554577 6.8249318949175 6.84608309691939 6.86239623915905 6.87315363604772 6.8787907950718 6.88104904353824 6.88226829828102 6.88435936856186 6.88827702520574 6.89413856712704 6.90160175066262 6.9101826046668 6.91943319248959 6.92901816978618 6.93874041771838 6.94854461731137 6.95850857855669 6.96882180816966 6.97974595724821 6.99154710542894 7.00438127554647 7.01810629912443 7.03201180568425 7.04456277179703 7.05346171499954 7.05640587605699 7.05235009104172
6.26791125558251 6.28371024238861 6.32060619358054 6.37120032001685 6.42523499367758 6.47414757929025 6.51324298913594 6.54151123772068 6.56064320396211 6.57410659053811 6.58620645608057 6.60088499449042 6.62053906678977 6.64554562717286 6.67475721367341 6.70644646455205 6.73901664705262 6.77122384891122 6.80202955462212 6.83029265864321 6.85450814414596 6.87288037525063 6.88405333749595 6.88831400252418 6.88809360432649 6.88682390341134 6.88716218292244 6.89022287002783 6.89593194737819 6.90367617043991 6.91274608695134 6.92253656186285 6.93261324796745 6.94272861377826 6.95282347622547 6.96302049675803 6.97360414840802 6.98497937161355 6.99759878597081 7.01183498924882 7.02774683066713 7.04467796513331 7.06074688357218 7.07269445292011 7.076944538352 7.07184248496708
6.224894091525 6.24177734186986 6.28548631947547 6.34599141940385 6.40945919305571 6.46495110275606 6.50695712013406 6.53459168906439 6.55022120091513 6.558605948846 6.5659627687716 6.57812687765088 6.59833717556855 6.62639976188222 6.65988017755686 6.69596155698715 6.7325330760096 6.76830538094372 6.80240720006729 6.83383650834313 6.86097649969599 6.88150938535791 6.89331402149122 6.8963670349689 6.89380933771795 6.8902841648388 6.88920028553416 6.89174179645457 6.89757528165563 6.90580042208732 6.91549050538868 6.92588980272363 6.93646082994923 6.94689347715452 6.95711241630845 6.96728011464967 6.97777997418432 6.9891678647783 7.00208721014181 7.01713099848279 7.03458577923686 7.05393305043511 7.0730746729515 7.08784651312436 7.0932985568316 7.08712423481831
6.20147526179492 6.21913351137577 6.26765200965539 6.33482045413536 6.4040980092916 6.46298189834653 6.50545693621852 6.53053553336988 6.54079609519899 6.54208878365645 6.54301885863658 6.5521518956453 6.57374196917668 6.60622407713868 6.64495033364571 6.6856381105433 6.72574988201393 6.76417669646073 6.800412762817 6.83377029844201 6.86274308851444 6.88478450287895 6.89725752689573 6.89984388120201 6.89613011563582 6.89158366469296 6.89007342755882 6.89276665241294 6.8991301828987 6.90807403510288 6.91852699982636 6.92961541052035 6.94069729712166 6.95137851074818 6.96154306193069 6.9713804257985 6.98137487157812 6.99223449554326 7.00476674819117 7.01971117209476 7.03747793188858 7.05763330452442 7.07801249424855 7.09402044096655 7.09998822819472 7.09333973647145
6.20798926351504 6.22626782335424 6.27541583179571 6.34265799381637 6.41116778860296 6.46845824472752 6.50834109876563 6.52923665016595 6.5331017284297 6.52623278884029 6.51984241960482 6.52612552389048 6.55041673480291 6.58861846712635 6.63292291453931 6.67754459833454 6.71989635276871 6.75935376822283 6.79590592395241 6.8292415643947 6.85814090440143 6.88028152430551 6.89315853254275 6.89645636108918 6.89366868614761 6.89014450025967 6.88966136481382 6.89335038059244 6.9006834093283 6.9105768509317 6.92193446811287 6.93381228349367 6.94545850521186 6.95635745521946 6.96630913005032 6.97550907400198 6.98455487161866 6.99432655458712 7.00576730025252 7.01964038805286 7.03626691195671 7.05509967425527 7.07400021147912 7.08871176154983 7.09417983542929 7.08828194256242
6.24463061298358 6.26307787373202 6.30791300376905 6.36794725407348 6.42886089701987 6.47978208675037 6.51466715552398 6.53100294794436 6.52945121020595 6.51586690486975 6.50346805383696 6.50812716288585 6.53598729014414 6.57960508437397 6.627919114642 6.67428139672082 6.71662420233111 6.75501432385102 6.78990195725502 6.82127360619065 6.84825840634677 6.86911790910937 6.88207154408652 6.88710486001688 6.88711458530708 6.88643251279056 6.88823608965276 6.89362296765445 6.90227468046546 6.9133029838333 6.92570195059127 6.93850295912552 6.95083160983635 6.9619930068402 6.97163153788805 6.97991461266336 6.98759078320089 6.99578706994047 7.00560316237133 7.01772808625697 7.0322017852006 7.04819921140604 7.06370287719266 7.07540984886283 7.07985278319361 7.07578518356315
6.29914183474581 6.31670860567576 6.35389188939825 6.40246755632515 6.4520797856481 6.49431807209642 6.52365316490649 6.53686914301996 6.53342894339288 6.51816141672267 6.50447293934932 6.50970279379753 6.53996186649218 6.58543546097946 6.6335162659507 6.67787748400541 6.71733401085747 6.7525356919366 6.78415692544673 6.81229634161689 6.83637472614965 6.85531509270392 6.86818691972764 6.87529357532953 6.87875699629656 6.88161329041828 6.8862397186042 6.89365653330694 6.90381311701249 6.91609988095097 6.92966871087828 6.9435609448221 6.95676639163793 6.96833867429938 6.97765795605928 6.98480130709699 6.99073777604418 6.99700431894193 7.00496122400249 7.01519109593285 7.02736617042527 7.04037077854595 7.05241368769926 7.06126255415744 7.06499390676521 7.06308414801292
6.35491209485954 6.37049496610877 6.39942161876539 6.43651553515127 6.47519185276915 6.50949264235485 6.53473743879938 6.547640688739 6.54719241461634 6.53717775734972 6.52891015079695 6.53718184294836 6.56675704739858 6.60822475399303 6.65045519896175 6.68864108447441 6.72247223257145 6.75281338919077 6.78021252572951 6.80464157204179 6.82565280275142 6.84265576008507 6.85533466112939 6.86416224382285 6.87060554874222 6.87664078604521 6.88392860883466 6.89334886398575 6.9050423740622 6.91864777133085 6.93348433342076 6.94862775365723 6.96293567727425 6.97514916769304 6.98424930626727 6.99011787274321 6.9940341029185 6.99819675708466 7.00439270777174 7.01309087966937 7.02357108962893 7.03448706929896 7.04429697233055 7.05156902253466 7.05534388001946 7.05545286797415
6.39974407001382 6.41276317335698 6.43482968342266 6.46313644006499 6.49387072967495 6.52300955388231 6.54681786045022 6.56242989835647 6.56896024985607 6.56929748657693 6.571329568901 6.58450210594416 6.6110278656304 6.64393511181999 6.6760099521161 6.7049546795059 6.73132340250425 6.75587857560231 6.77873556866904 6.79951043528679 6.81768115121789 6.83288351340418 6.84512826656205 6.85495146007551 6.86340370942827 6.87178089665042 6.88121962558115 6.89241811687806 6.90558249603911 6.92050137775665 6.93662238647617 6.95306680846622 6.96859214213313 6.98162380865049 6.9906518702532 6.99525162653976 6.99709075451581 6.99928179062895 7.0041580878146 7.01202359955326 7.02175515241488 7.03183668976904 7.04092564488272 7.04805219987926 7.05268941367787 7.0547226066792
6.42779918094175 6.43807854707952 6.45532994546484 6.47834266799909 6.50500132122501 6.53249385368802 6.55779835850051 6.57853305084868 6.59405324762343 6.60640901810235 6.62011480599377 6.63911581344916 6.66246720553442 6.6854949563269 6.70570605037349 6.72411153910244 6.74236512697667 6.76100275955336 6.77950829174387 6.79696402306951 6.81259070104734 6.82603522531955 6.83745155859898 6.84743957606495 6.85688414015524 6.86673215256779 6.87777253939192 6.89049196409877 6.90503003782504 6.92119672566638 6.93848987378698 6.95606006319239 6.97261021033601 6.98634144154529 6.99533854802869 6.99890780313497 6.99913395548001 7.00004062461599 7.00439567644094 7.01225971566765 7.02217448664281 7.03254953029755 7.04220174633756 7.05038841234802 7.0566858076797 7.06082362514331
6.43733176300236 6.4445479297892 6.45869831490617 6.47963735131087 6.5060342008796 6.53545383599946 6.56505696102135 6.59267071590622 6.6177465406401 6.64161386562338 6.66625341186635 6.69135454871663 6.71272226444275 6.7267043209582 6.73526058931774 6.74328674160731 6.75381553194528 6.7670834159196 6.78180641079657 6.7964189355888 6.80976155513742 6.82135911008256 6.83144135956224 6.84076739652276 6.85030833245695 6.86092040283577 6.87315520183125 6.88723158471052 6.90308394564447 6.92040511834771 6.93864408696241 6.95693664880296 6.97396966091093 6.98789694344631 6.99673893126387 6.99986061814083 6.9996880947578 7.00063031318694 7.0054754454666 7.01407067295485 7.02485746104461 7.03633452492057 7.04749162785828 7.05770312396749 7.06647692970562 7.07321692752446
6.42853590071921 6.43165857898629 6.44359478442487 6.46510509541684 6.4948500039144 6.52974927752838 6.56633728939751 6.60219665838765 6.63671647258609 6.67074602404293 6.70471471350557 6.73551222891857 6.75606031511629 6.76261532871037 6.7609416862649 6.75995070301803 6.76405183407415 6.77304438389439 6.78481140914889 6.79711995717807 6.8083813021548 6.81792942530118 6.82608039995037 6.83393133068944 6.84282778761817 6.85374544064778 6.8670160062461 6.88246708999719 6.89967306120126 6.91808695217899 6.93703191213177 6.95560177092299 6.9725247770637 6.98613401505399 6.9948311962391 6.99843480225865 6.9994579775208 7.00187465883757 7.00805146519786 7.01780520663461 7.02980003923023 7.04281176312566 7.05606610364714 7.06905425409788 7.08116429070485 7.09131997416507
6.40306838469439 6.40002850867899 6.4096033846162 6.4337823229222 6.470424130241 6.51441621191258 6.56055589726958 6.60565983951683 6.64896678377016 6.69111024107584 6.73177075570402 6.76644908164399 6.78644628760573 6.78784406226722 6.7790569486319 6.77197608403635 6.77189113170136 6.77812316361663 6.78788388975 6.79841532666777 6.80773231272876 6.81494139253921 6.82048888666113 6.82606930709653 6.83376721316707 6.84484748534409 6.85930543560724 6.87635873102104 6.89506649803243 6.91457805975291 6.93408777719903 6.95269021304123 6.96926288011628 6.98252330426712 6.99151070286986 6.9965671585509 6.99994900966458 7.00470095216531 7.01260430272554 7.02361219176425 7.03682661450287 7.05143907237048 7.06700575135566 7.08323603522022 7.09948250001447 7.11409934712542
6.36520059199021 6.3531444680162 6.35926683131994 6.387659446676 6.43452522994147 6.490903321398 6.54855492469442 6.6031072499588 6.6536848856606 6.70093161596557 6.74434103034419 6.77940782987278 6.79811114137344 6.79754731415041 6.78683534352304 6.77818682382442 6.77686592121656 6.78201418886827 6.79066637613212 6.79986026831712 6.80732496544704 6.8119148018568 6.81423810914845 6.81689007917412 6.82311881488776 6.83456598000366 6.8506095188778 6.86958110003411 6.88993606219281 6.9105598611108 6.93060323459837 6.9492621673904 6.96567390957955 6.9790224807743 6.98893676205231 6.99605794115327 7.00218220168906 7.00942813364906 7.01906409178965 7.03120916476116 7.04542628454125 7.06136425805862 7.07898989778608 7.0983866914472 7.11909657090173 7.13900269129019
6.32373910698034 6.30053321617624 6.30195006721869 6.33526168947787 6.39427892757846 6.46452045607477 6.53379429818627 6.59647790978034 6.65177881282351 6.70058432149199 6.74268319663036 6.77478844322324 6.79164795881122 6.79247028388846 6.78509077930552 6.77927347196832 6.77939387041838 6.78484116270982 6.79305050233737 6.80123033013549 6.80699723512357 6.80897216221152 6.80791410752807 6.80749749564264 6.81240469000992 6.82458423283099 6.84248448368559 6.8634133477533 6.88530058906828 6.90690687178128 6.92745639827678 6.94632898346643 6.96295617042006 6.9769231449726 6.98823684705969 6.99759239149836 7.00631344882869 7.0158134766652 7.02697679899789 7.04002209217262 7.05485933065136 7.07152372441974 7.09037833248176 7.11195174824983 7.13619232150615 7.16083914461204
6.2923044867156 6.25936004815999 6.25637653292914 6.29384913203022 6.36318124930723 6.44450893791158 6.52214971202882 6.58961720828903 6.6463655102546 6.69369174235294 6.73209639798102 6.76016647261242 6.77582387674836 6.78004189515389 6.7784855756866 6.77759949415309 6.78050584317628 6.78696335196179 6.79508366727581 6.80250845442915 6.80697248411778 6.80702335938932 6.80353947785858 6.80099689623569 6.80514627310107 6.81803264739034 6.83727655475465 6.85946171090013 6.88225570209257 6.90443625917382 6.92535168306938 6.94456012560485 6.9617239459211 6.97668255588968 6.98960772034913 7.00110268708703 7.01209241309575 7.02349486785134 7.03590362005713 7.04954336248894 7.06450519897593 7.08105286721323 7.09979464642229 7.12155222216439 7.14661127056446 7.17285783219665
6.28456555968201 6.2484735357301 6.24416128930737 6.28318697695473 6.35589356980502 6.44038915091263 6.51973596929434 6.58708953230764 6.64193400560577 6.68582177235601 6.72001352772217 6.74477457838213 6.76020880464004 6.76799674729082 6.77184248116722 6.77557936513735 6.78121922215537 6.78874534586688 6.79688995680019 6.80383393338389 6.8076886199867 6.80724242221299 6.80347926865008 6.80083887053998 6.80495711428808 6.81777411051744 6.83686999197832 6.85886481951132 6.88149863926572 6.90362018165032 6.9246464693144 6.9442202716681 6.96211113958306 6.97825657527441 6.99283987444506 7.0063080919866 7.01926530721268 7.03227006268629 7.0456708061221 7.05961022226829 7.07420198818804 7.08976051394787 7.10692922275656 7.12653467934307 7.14887230495547 7.17203974936066
6.30548759335692 6.27498053994221 6.27351111395806 6.31063916387714 6.37782661276191 6.45596986323527 6.52969788736176 6.59218576322134 6.64244405963263 6.68182661367545 6.71200081598752 6.73424018792147 6.74968518479835 6.76001388801724 6.76755943149522 6.77452699736996 6.78214010321139 6.79044451054341 6.79861609929774 6.80536812075576 6.80936408681658 6.8098818996433 6.80795600764705 6.80715197056258 6.81183591064369 6.82369027039827 6.8410884962748 6.86145178934465 6.88290045075985 6.90437514992843 6.92527663066352 6.94521753956261 6.96395003867085 6.98138670541951 6.99763070100409 7.01295397640238 7.02770007067368 7.04214638978449 7.05641085685828 7.07048077117494 7.08436885391212 7.09831090668511 7.11285995544305 7.12870359418194 7.14601081291471 7.16323929780499
6.34728491647076 6.32784320902174 6.3315430225153 6.36460473588895 6.42101655953741 6.48713907087466 6.55087473677096 6.60575548369 6.65001150589813 6.6844063165121 6.710619079945 6.73037721470367 6.74521474773539 6.75660696934709 6.76604084595281 6.77477318759663 6.78349538639532 6.79221247392537 6.80037476161177 6.80714187740754 6.81172700340862 6.8138941710106 6.81461051359991 6.81631035777494 6.82181516214674 6.83244567339278 6.84754741414398 6.865644819919 6.88544355990226 6.90603763312209 6.92678068246545 6.9471830324343 6.96689603399451 6.98573411823446 7.00368012510478 7.0208412938363 7.0373531832461 7.05326466983178 7.06846681801306 7.08273000365404 7.09587002811769 7.10797476367525 7.11952192274274 7.13118575148177 7.14324432946317 7.15480412362696
6.39507238623232 6.38725154945611 6.39619202611919 6.42540227603234 6.47137881794123 6.52560020602553 6.57930782673572 6.62659981894042 6.66493414838868 6.69434327467525 6.71635732312471 6.73300323352028 6.74610917718527 6.75706314330027 6.76686758393473 6.77618785649655 6.78530965594435 6.79412018878955 6.80219923843115 6.80901278782874 6.81417687215682 6.81776974243266 6.8206096152901 6.82423761028898 6.83033766118899 6.83991381126436 6.85301835901948 6.86912431014081 6.88753169722787 6.90752428537086 6.92840951262795 6.94956652249066 6.97050923854873 6.99092918304975 7.0106915077936 7.0297760186866 7.04817231581366 7.065757475906 7.08220808969158 7.0970204192881 7.10970527954442 7.12012851369546 7.12876996786301 7.1365674139252 7.14428113423336 7.1518330160249
