WinFormSampleManager/SampleData/gridfile-900913.grd
ncols 100
nrows 100
xllcorner -10697926.08712
yllcorner 3495335.11255399
cellsize 9.80371549835429
NODATA_Value -9999
[rows 40 to 59 of 100, columns 46 to 91 of 100]
7.21674401685853 7.18638854588998 7.1617029847772 7.14250576102282 7.1280775656297 7.11733275929197 7.10906870108121 7.10219697759432 7.09586522338903 7.08949707593915 7.08285455271187 7.07613603013324 7.069921206161 7.06479523672326 7.06091828735993 7.05799566591003 7.05557604148323 7.05324865435198 7.05060932857802 7.04718148374415 7.04247838544824 7.03624224622133 7.02874163140888 7.02093293729242 7.01436711817342 7.010912372283 7.01248521947856 7.02087904731326 7.0374682318301 7.06220866709703 7.09142361901562 7.11571338031502 7.12295078255534 7.10795009459414 7.07715579024506 7.04143093174339 7.00827696719101 6.98061355653642 6.95868567520908 6.94175657805474 6.92898644986196 6.91980887994185 6.91406167151641 6.91195764600289 6.91393389497134 6.92048758396595
7.19772598910622 7.16683066662248 7.14169124393504 7.12261003931761 7.10891256962408 7.09913259065359 7.09152752695615 7.08461455018382 7.07743286792635 7.06957745505508 7.06122390856907 7.05317386703213 7.04660313612479 7.04227307592967 7.03983727252992 7.03814586329351 7.03611827542256 7.03315797291523 7.02901751777278 7.02357775270966 7.01680667826614 7.00889601803042 7.00045074893714 6.99257655822631 6.98676056874597 6.98457317400206 6.98734836166626 6.99596550037861 7.01061005561512 7.03017210451185 7.05121075101803 7.06754718617686 7.07253503818518 7.06359010580646 7.04405370780508 7.0200625003166 6.99665200851338 6.97646289296869 6.96031246475713 6.94808717802437 6.93935962183103 6.93372913906122 6.93099674942406 6.93124103693414 6.9348308962079 6.94242159549091
7.17856141642573 7.14516290214111 7.11848220409378 7.09944417889657 7.08733039885526 7.07985182059895 7.07421015653448 7.06826390664841 7.06093922872309 7.05207041289418 7.04227004901077 7.03297715625553 7.02611246429052 7.02273853102041 7.02187179388649 7.02133065519011 7.01946779933194 7.01568270676905 7.00997174655984 7.00250074873945 6.99350191516626 6.98340072904289 6.97301746889029 6.9636815382154 6.9570981764853 6.95491092592372 6.95815113756988 6.96691308075161 6.98033273658721 6.99657047014033 7.01265492677493 7.02470557957647 7.02923794768669 7.02505541450193 7.01391011684291 6.99920486757593 6.98416658092527 6.97090962937171 6.9604300630243 6.95296468040266 6.94834413891705 6.94625096002148 6.94641371252909 6.94877685996378 6.95365558259975 6.9618602626927
7.1595587501312 7.1213784115712 7.09169317090978 7.07250817255613 7.0631203823826 7.05971325990749 7.0575869228441 7.05365032607573 7.04689348988257 7.03763487166686 7.02702963799327 7.01712902907044 7.01052775760246 7.00841551069201 7.00888883046381 7.00875618538705 7.00618668492745 7.00089667237246 6.99319670646199 6.98342336117551 6.97186790085275 6.95896809749685 6.94561182966686 6.93340173028685 6.92460037539756 6.92145305535505 6.92507981440613 6.93483623028455 6.94870546946817 6.96410966957099 6.9783892374527 6.98907280109616 6.99439023909278 6.99391921818964 6.98875201396463 6.98092396430065 6.97255692640453 6.96527703421646 6.96004512670784 6.95723181603263 6.95676195598252 6.95826789841602 6.96128073539353 6.96550196590711 6.97112868655501 6.97911549322973
7.14167230955194 7.09669781172848 7.06248933285208 7.0428629003125 7.03742118943153 7.03986194712584 7.04249730941951 7.04119264760048 7.03548446993917 7.02659682220968 7.01638809058781 7.00734359022717 7.00213354333787 7.00132133097688 7.00195740250907 7.00057700194562 6.99591832630178 6.98826210731365 6.97814591548625 6.96588117297885 6.95159300948419 6.93549065644045 6.91831558146951 6.90190947939602 6.88947301450046 6.88461526313016 6.88907687144176 6.90128153756298 6.91754863680938 6.93428145034719 6.94894457100394 6.95999181811884 6.96669990526414 6.96918187036833 6.9683425733628 6.96560110561114 6.96248163852937 6.96027429665706 6.9598544521601 6.96161818219802 6.96546522808808 6.9708268435176 6.97683016038153 6.98270937048738 6.98840460324735 6.99502666854932
7.12743889852735 7.0752308750455 7.03607298553288 7.01590807473651 7.01483900471209 7.02337069961959 7.03036801320031 7.03113519044597 7.02635116353006 7.01841728739845 7.00988333838542 7.00325666702139 7.00028458420679 7.00003684833016 6.99903032389061 6.99473000358492 6.98697803158654 6.97654970880845 6.9640075494309 6.94947052836712 6.93275161196907 6.91365164007517 6.89252179768912 6.87124947519059 6.85420036095057 6.84717864070385 6.85314817937167 6.8691614667676 6.88916214329073 6.90834643405612 6.92434655958691 6.93640098229193 6.94455907932172 6.94936213479069 6.9517318697066 6.95283994683305 6.95392120865679 6.95608625803441 6.96016786930891 6.96657901139658 6.97514609095239 6.98495807431054 6.99444291540956 7.00198017413422 7.00701114400391 7.01088909120663
7.12062870828665 7.06376657247572 7.02196727065923 7.00194379126014 7.00343463542862 7.01456901977202 7.02257868540837 7.02327789780573 7.01851119716311 7.01146792312904 7.00490800751494 7.00076268855703 6.99932638298228 6.99840486253304 6.99487166627036 6.98748549159458 6.9769411916597 6.96425166626001 6.94991904253905 6.93388721774344 6.91570657030038 6.89479041961749 6.87100265105736 6.84599174696078 6.82499875738713 6.81612301256146 6.82375319918245 6.84337319605491 6.86654365140811 6.8876132115077 6.9045914193156 6.91739950015477 6.92663598616487 6.9331377712366 6.9378831211298 6.94195220926684 6.94646046941029 6.95246519868725 6.9608434419958 6.97209812316117 6.98602808119363 7.00129388735904 7.0152490367625 7.02479436665339 7.02845756802447 7.02805312762184
7.12332373060167 7.06655123658416 7.026180704473 7.00700951106163 7.006930849912 7.01439564563291 7.01852745675249 7.01647648183831 7.01047611892029 7.00359278486542 6.99809031959059 6.99495170380927 6.993388658895 6.99096544323769 6.9853595006832 6.97607775944581 6.96403570139866 6.95025011665376 6.93521198786663 6.91885927860363 6.90070986438072 6.8800644019899 6.85653679898778 6.83143864656986 6.8099581272372 6.80080510487301 6.80884036446012 6.82897487453858 6.85216274276988 6.87284736749219 6.88942805480193 6.90215903660293 6.91184476231915 6.91941172931129 6.92583673244042 6.93215161488305 6.93943662469149 6.94878450344674 6.9612103915589 6.97742848072005 6.99735319608478 7.01925307812158 7.03904743038814 7.0513138216824 7.05303508233854 7.04686471291955
7.13286735682433 7.07965777529932 7.04259549546278 7.0232473696257 7.01783918016697 7.01742847595437 7.01481756152373 7.00850938925815 7.00041701498282 6.99284714251756 6.98720383345121 6.98361138463732 6.98083664092825 6.97682550653178 6.96998167635763 6.96005896617176 6.94780122730215 6.93408268319644 6.91942483584749 6.90391925538015 6.88730369915456 6.8691187775031 6.84913222814945 6.82842675842449 6.81106071533499 6.80372501019933 6.81014035205365 6.82646456759267 6.84569418913272 6.86333890660651 6.87797166186554 6.88970999793167 6.8991976146738 6.90723865836043 6.91472230217414 6.92262684229666 6.93203044030075 6.94410558084924 6.96005934803826 6.98090640237899 7.00683215349788 7.03587652936076 7.06240731332677 7.07801895339774 7.0775718323085 7.06496545431106
7.14319142519224 7.09403385391021 7.05901459499448 7.03742816822555 7.02528887398793 7.0166090256483 7.00727386518706 6.99671303989891 6.98634769519634 6.97764858634818 6.97122116656738 6.96661962536747 6.96253728982409 6.95737162173978 6.95000402767937 6.94023117360277 6.92854887729331 6.91565439823604 6.90210506772723 6.8882104652433 6.87405172331091 6.85957883998071 6.84487608175818 6.83077452611993 6.81965859902563 6.81512544814963 6.81917174097629 6.82990242278434 6.84341977243298 6.85677264103139 6.86866896978653 6.87889004350011 6.88773751809499 6.89577753603267 6.90375891674505 6.9125963589534 6.92337166823214 6.93733234676688 6.95584520160338 6.98017119894775 7.0107416430339 7.04548145321073 7.07754725651257 7.09601218380633 7.09395493033755 7.07649453937137
7.14907968652623 7.10271470821726 7.06757810349364 7.04224025133112 7.0235239612063 7.00775834881578 6.99280107041032 6.9786329468736 6.96628550601115 6.9565703878903 6.94948262383443 6.9442029486916 6.93942390273003 6.93383115578614 6.92655906918299 6.9173915908905 6.90663960984391 6.89486674185159 6.88266595649154 6.87055076508315 6.85892467711234 6.84809422791069 6.83834713469881 6.83015583900824 6.82444649916529 6.82250440248535 6.82510697318966 6.83167052379135 6.84059990691086 6.85030518297698 6.85976053434332 6.8685240377569 6.87659700141565 6.88431501691628 6.8922907951696 6.90138458467375 6.91268292611564 6.92747131503722 6.94716058992221 6.97303076058675 7.00545717561468 7.04214819240911 7.07582637639728 7.09511491313647 7.09306065384312 7.0750983147405
7.1484521359976 7.10323308959289 7.06620566109588 7.03619660866056 7.01116335860957 6.98914415548477 6.96931021046509 6.95207488612876 6.9382533490528 6.92815601026362 6.92123956158504 6.91629849578557 6.91189897237149 6.90680172213699 6.90023549980257 6.89197070831503 6.88222581965869 6.87150193616127 6.86043606689675 6.84970535217788 6.83996128778097 6.8317603115918 6.82548734699691 6.82132418622162 6.81933406535635 6.81961548626125 6.82229467551074 6.82727052704049 6.83403491108897 6.84181602768823 6.84987171812659 6.85770106505427 6.86513286786666 6.87234533745921 6.87985980697917 6.88851820327935 6.89943538438013 6.91391284599549 6.93328373272369 6.95858121660423 6.98976575651483 7.0242277990839 7.05521752466422 7.07328770508912 7.07321928560715 7.05953757532086
7.14190031624152 7.09614484108945 7.05571895177007 7.02006358000312 6.98826667919314 6.95977496570731 6.93493366480495 6.91476792195997 6.90010733636487 6.89079873361824 6.88559108547611 6.88262462229809 6.88006922149471 6.8765561865815 6.87132545379518 6.86417674127415 6.8553363918581 6.84531846529705 6.83481997053643 6.82465147075094 6.81566916876815 6.80866093376536 6.80417192974876 6.80234380657789 6.8029209001543 6.80549221516493 6.8097615063163 6.81554835234277 6.82257577173274 6.83036129617776 6.83832294388176 6.84596952185148 6.85305433766198 6.85966981832559 6.86630020239262 6.87383030557033 6.88347736319648 6.89661179089148 6.91446148188732 6.9376827031362 6.96569113329665 6.99570897695246 7.02221438702714 7.03863369428453 7.04180496862504 7.03481993536721
7.1313887386181 7.08330669367025 7.03786282355059 6.99507278584363 6.95503351175278 6.91857029712744 6.88750578065398 6.86402686724861 6.84934720205706 6.84271419789734 6.84162480052993 6.84296468317179 6.84410732162809 6.84340072520633 6.84012199539634 6.83421641838647 6.82604178029973 6.81619872187986 6.80545380069035 6.79472706913573 6.78508347371249 6.77764239684275 6.77334719820422 6.77265812585777 6.77538545247035 6.78085171965964 6.78826494679674 6.7969592084361 6.80637161374723 6.81594081554852 6.82510170383409 6.83337498237436 6.84048546908941 6.84648000090156 6.85184332271036 6.85757798152414 6.8651446360159 6.87615180003417 6.89182958609362 6.91248277290731 6.93705133452248 6.96281212584928 6.98559105670252 7.00121827785481 7.00795694055257 7.00768811137046
7.11924958676271 7.06697270315005 7.01468628951506 6.96267522565385 6.91181933908233 6.86445111217843 6.82461017056554 6.79677258905918 6.78322731019533 6.78222019825819 6.78882220982624 6.79759285703748 6.80461502295858 6.80794548061654 6.80710799956811 6.80242777881039 6.79455980452378 6.78425518535154 6.77232159257062 6.75972340215967 6.74773482428015 6.7379902401677 6.73224113388487 6.73177203632716 6.7367887406854 6.74631047226535 6.75870663922557 6.77238620245308 6.78613609267644 6.79910128831177 6.81066081915602 6.82036043466063 6.82793068469009 6.83338742481416 6.83721831386818 6.84060106221753 6.84543000599596 6.85383402716173 6.86724349475481 6.88565842215857 6.90758914287327 6.93044006808655 6.95111900451101 6.9670291033021 6.97722439291713 6.98280913743544
7.10757871882047 7.04946665119752 6.98861346749628 6.92504535862929 6.86000309904602 6.79742294416322 6.74470229412825 6.71061641723696 6.69985427475239 6.70883107341386 6.72799543001024 6.74792751381145 6.7629931756469 6.77126945791798 6.7730035660276 6.76927722914499 6.76125117799183 6.74986431739204 6.73585453933212 6.72004210277152 6.70379902900884 6.6894638988407 6.68021713097043 6.67898874497154 6.68682933939893 6.70218834683464 6.72190164105133 6.7428411101868 6.7628328112208 6.78065641273699 6.79568232527112 6.80756535545185 6.81611257019493 6.82133193284232 6.82368345404246 6.82450677052054 6.82627469228071 6.83193556105052 6.84330099701895 6.86002268372848 6.8801553294195 6.90125234055375 6.92105470721541 6.93796146408772 6.95146032945735 6.96220491379246
7.09787276104472 7.03309753884298 6.96274350513263 6.88593407055 6.8036187838036 6.72113540942469 6.65044397340722 6.60751119404648 6.60161554426558 6.62596554400196 6.66300508187061 6.69736973610221 6.72171476827374 6.73490762159124 6.73863515141781 6.7351967747979 6.72647840033057 6.71360268529226 6.69701279038988 6.67698629277282 6.65461193783355 6.63296935421848 6.61751409350622 6.614202615235 6.62569947043124 6.64931945847961 6.67916465096447 6.70974562601697 6.73770548444225 6.76156410844845 6.78087024822228 6.79556070775206 6.80565841251054 6.81125272793846 6.81277518534485 6.81162053992919 6.81073665590398 6.81390855307047 6.82333561791711 6.83830624792435 6.85660054085388 6.8761467293999 6.89546301205031 6.91363564859366 6.93038700163141 6.94607732727215
7.09087115807886 7.02011377238103 6.94099418902648 6.85130921994919 6.75114205091471 6.64668457830413 6.55489136871992 6.50128074125744 6.50190845730198 6.54528510717777 6.60269030680455 6.65175481762436 6.68415912734774 6.70051682423507 6.70458679078441 6.70025104716304 6.69030115246329 6.67601743071135 6.65723918599524 6.63307407853104 6.60354022844428 6.57208035321062 6.54730823435316 6.54023930966148 6.55635104062557 6.59087044065005 6.63348739746536 6.67553189935007 6.71248947464468 6.74291902135708 6.7668193085176 6.78461227324221 6.79671481897647 6.80348090124226 6.80545143400944 6.80398579727256 6.8019990095719 6.80338071140662 6.81036831954259 6.82228671838246 6.8374274343107 6.85460893561769 6.87315255374022 6.89258940384152 6.91268334172002 6.93352168766749
7.08673987693516 7.01257865236052 6.92763011664578 6.82866134525725 6.71511159191748 6.59375430722131 6.48539600928458 6.42348279452549 6.42978857105948 6.48820238714164 6.56018419180788 6.6180788646032 6.65354012378617 6.66912794920524 6.670658619007 6.66366460022908 6.65198710190048 6.63710846575866 6.61799899042307 6.59188411151569 6.55660244209433 6.51498299874487 6.47912127020032 6.46703252148928 6.48822305438282 6.53480710990443 6.59078316753508 6.64412969255213 6.68955224321531 6.72597333290047 6.7540044666104 6.77463643747587 6.78877762875986 6.79722103462942 6.80085583580619 6.80107265923834 6.80012098437893 6.80062202016545 6.80412555536293 6.81085070543736 6.82089323699716 6.83457397623081 6.85196769324669 6.87274631433831 6.89646597632243 6.92287242498305
7.08568186932989 7.01213739385322 6.92597451507198 6.82411580500164 6.7066937857197 6.5816007835766 6.47089284599835 6.40861542358235 6.41582419625575 6.47487789172551 6.54591477379939 6.60068539633597 6.63101093833621 6.64021445470351 6.6353206680213 6.62332538841188 6.60937252968503 6.59543444795106 6.57956615718773 6.55657282052051 6.52112841834701 6.47420128507423 6.43033265333602 6.41411886968753 6.43896353641568 6.49423956930103 6.55948396408242 6.62047553009589 6.67158116681028 6.71203600820084 6.74286138497901 6.76543200602016 6.78103509321577 6.79087714437838 6.79625267927431 6.79864141052958 6.79941386603817 6.79921871103727 6.79837425142839 6.79848009781432 6.80236975254426 6.81229066385666 6.8289075708773 6.85165135249886 6.87956903418011 6.91194522379661
